(14811, 1425, -2608, -6344) (467, 532, 1550)
(14788, 1226, -2550, -6460) (379, 623, 1813)
(14766, 971, -2478, -6581) (340, 332, 2100)
(14751, 820, -2501, -6626) (608, -5, 1967)
(14733, 800, -2606, -6629) (707, 221, 1774)
(14700, 795, -2724, -6654) (676, 468, 1599)
(14660, 756, -2801, -6716) (639, 647, 1552)
(14638, 634, -2815, -6769) (584, 590, 1510)
(14621, 477, -2799, -6825) (617, 487, 1704)
(14608, 322, -2774, -6872) (581, 369, 1802)
(14601, 217, -2763, -6895) (575, 148, 1862)
(14596, 203, -2791, -6896) (581, 182, 1807)
(14592, 245, -2838, -6883) (565, 380, 1699)
(14590, 284, -2881, -6870) (572, 493, 1735)
(14588, 280, -2903, -6865) (563, 454, 1714)
(14586, 250, -2916, -6865) (580, 395, 1786)
(14583, 204, -2924, -6868) (577, 335, 1816)
(14581, 171, -2942, -6866) (608, 238, 1800)
(14577, 172, -2977, -6860) (645, 265, 1762)
(14571, 190, -3009, -6858) (612, 357, 1710)
(14564, 190, -3030, -6863) (600, 358, 1750)
(14557, 173, -3045, -6871) (611, 344, 1813)
pose Pose.FIST
(14550, 145, -3057, -6881) (620, 335, 1840)
(14543, 127, -3075, -6890) (653, 298, 1795)
(14536, 120, -3093, -6895) (649, 318, 1796)
(14531, 125, -3111, -6899) (648, 327, 1738)
(14526, 124, -3119, -6906) (629, 369, 1779)
(14521, 107, -3121, -6916) (659, 335, 1801)
(14515, 91, -3123, -6927) (677, 317, 1802)
(14510, 84, -3126, -6935) (685, 297, 1751)
(14507, 82, -3128, -6943) (669, 326, 1780)
(14503, 76, -3124, -6951) (663, 331, 1762)
(14500, 65, -3118, -6962) (673, 329, 1771)
(14497, 55, -3114, -6970) (669, 313, 1764)
(14493, 47, -3111, -6979) (677, 309, 1763)
(14489, 41, -3109, -6988) (679, 332, 1743)
(14485, 30, -3106, -6998) (683, 333, 1733)
(14481, 13, -3104, -7007) (684, 306, 1752)
(14478, 3, -3105, -7013) (680, 323, 1754)
(14475, -6, -3106, -7019) (686, 295, 1707)
(14473, -4, -3111, -7021) (689, 305, 1689)
(14470, -4, -3114, -7025) (671, 341, 1713)
(14467, -10, -3111, -7032) (668, 350, 1738)
(14465, -19, -3109, -7038) (677, 357, 1765)
(14463, -27, -3108, -7043) (677, 342, 1725)
(14462, -36, -3105, -7046) (660, 307, 1754)
(14462, -33, -3104, -7046) (666, 286, 1710)
(14462, -23, -3097, -7048) (626, 332, 1721)
(14464, -21, -3085, -7050) (620, 338, 1766)
(14466, -23, -3074, -7050) (640, 320, 1771)
(14468, -19, -3064, -7050) (635, 336, 1744)
(14471, -17, -3050, -7051) (636, 318, 1749)
(14474, -15, -3034, -7052) (630, 299, 1760)
(14477, -9, -3015, -7053) (607, 324, 1789)
(14480, -4, -2999, -7054) (608, 314, 1813)
(14484, 4, -2987, -7051) (606, 297, 1798)
(14488, 19, -2978, -7046) (597, 310, 1808)
(14493, 36, -2971, -7039) (602, 331, 1793)
(14498, 42, -2960, -7033) (587, 297, 1781)
(14504, 48, -2948, -7026) (591, 282, 1793)
(14512, 60, -2935, -7014) (598, 256, 1786)
(14520, 73, -2923, -7003) (574, 220, 1753)
(14526, 106, -2916, -6994) (536, 323, 1799)
(14533, 145, -2912, -6980) (593, 363, 1761)
(14538, 176, -2900, -6974) (525, 408, 1691)
(14552, 137, -2869, -6958) (571, 116, 1623)
(14563, 167, -2869, -6935) (755, 276, 1769)
(14572, 238, -2890, -6906) (614, 576, 1946)
(14572, 266, -2894, -6902) (416, 559, 1844)
(14586, 356, -2891, -6870) (365, 371, 1573)
(14618, 389, -2876, -6806) (455, 212, 1893)
(14639, 447, -2910, -6743) (747, 453, 2043)
(14639, 507, -2944, -6724) (572, 265, 1870)
(14635, 600, -2968, -6714) (272, 243, 1810)
(14637, 742, -3029, -6668) (612, 533, 1684)
(14635, 848, -3067, -6643) (613, 789, 1691)
(14636, 857, -3047, -6649) (409, 678, 1855)
(14640, 829, -3031, -6651) (528, 210, 1810)
(14644, 879, -3046, -6629) (536, 438, 1783)
(14648, 937, -3067, -6602) (568, 461, 1691)
(14649, 993, -3065, -6593) (464, 870, 1716)
(14657, 989, -3052, -6582) (574, 241, 1864)
(14656, 1060, -3077, -6560) (529, 732, 1749)
(14663, 1052, -3089, -6541) (636, 394, 1653)
(14662, 1071, -3080, -6544) (478, 547, 1796)
(14664, 1065, -3073, -6545) (534, 538, 1730)
pose Pose.WAVE_IN
(14666, 1077, -3068, -6539) (545, 463, 1779)
(14667, 1094, -3066, -6536) (489, 637, 1768)
(14667, 1100, -3064, -6535) (567, 462, 1780)
(14668, 1122, -3063, -6529) (501, 501, 1696)
(14669, 1149, -3064, -6522) (527, 593, 1761)
(14671, 1156, -3056, -6520) (506, 573, 1765)
(14674, 1154, -3050, -6517) (543, 497, 1775)
(14676, 1159, -3048, -6512) (530, 582, 1760)
(14679, 1164, -3050, -6504) (552, 522, 1733)
(14681, 1177, -3047, -6499) (514, 624, 1737)
(14685, 1166, -3037, -6496) (520, 518, 1781)
(14689, 1167, -3032, -6488) (512, 536, 1822)
(14693, 1166, -3033, -6480) (523, 506, 1751)
(14697, 1167, -3031, -6472) (503, 529, 1734)
(14700, 1164, -3028, -6466) (525, 546, 1778)
(14704, 1152, -3022, -6461) (510, 508, 1773)
(14708, 1147, -3022, -6455) (531, 506, 1767)
(14710, 1144, -3023, -6450) (523, 524, 1735)
(14710, 1145, -3023, -6451) (521, 529, 1752)
(14711, 1143, -3020, -6448) (498, 554, 1779)
(14713, 1140, -3022, -6444) (539, 506, 1755)
(14713, 1142, -3024, -6443) (494, 578, 1724)
(14713, 1132, -3028, -6442) (552, 495, 1716)
(14713, 1136, -3032, -6439) (534, 511, 1729)
(14713, 1137, -3032, -6439) (506, 559, 1699)
(14713, 1138, -3032, -6439) (525, 534, 1775)
(14713, 1136, -3035, -6438) (527, 535, 1744)
(14714, 1139, -3040, -6435) (531, 528, 1724)
(14713, 1142, -3046, -6433) (553, 538, 1723)
(14713, 1142, -3046, -6433) (523, 506, 1697)
(14713, 1143, -3046, -6433) (518, 531, 1724)
(14713, 1151, -3049, -6429) (528, 524, 1738)
(14713, 1161, -3050, -6426) (519, 568, 1766)
(14715, 1159, -3048, -6423) (529, 517, 1756)
(14716, 1166, -3047, -6421) (516, 516, 1730)
(14717, 1167, -3044, -6419) (530, 501, 1748)
(14717, 1170, -3042, -6419) (523, 488, 1718)
(14717, 1178, -3040, -6420) (520, 538, 1720)
(14716, 1180, -3034, -6424) (527, 527, 1758)
(14714, 1185, -3032, -6428) (541, 493, 1753)
(14711, 1194, -3033, -6434) (527, 554, 1730)
(14708, 1203, -3034, -6438) (535, 515, 1740)
(14705, 1213, -3036, -6442) (522, 571, 1723)
(14703, 1214, -3036, -6446) (523, 553, 1732)
(14701, 1217, -3041, -6448) (538, 548, 1743)
(14698, 1220, -3049, -6451) (538, 552, 1730)
(14695, 1228, -3060, -6450) (546, 543, 1737)
(14693, 1235, -3070, -6450) (550, 558, 1713)
(14691, 1234, -3075, -6451) (535, 530, 1747)
(14690, 1235, -3082, -6450) (538, 521, 1741)
(14689, 1242, -3089, -6448) (539, 554, 1743)
(14689, 1247, -3091, -6445) (525, 538, 1763)
(14690, 1251, -3093, -6443) (543, 554, 1754)
(14692, 1251, -3089, -6440) (535, 531, 1760)
(14694, 1253, -3083, -6438) (535, 549, 1751)
(14696, 1258, -3073, -6437) (542, 568, 1751)
pose Pose.REST
(14696, 1296, -3064, -6433) (644, 801, 1747)
(14686, 1398, -3033, -6449) (502, 1016, 1837)
(14685, 1391, -2949, -6491) (61, 969, 1808)
(14694, 1106, -2840, -6574) (345, -86, 2133)
(14690, 1047, -2877, -6577) (741, 17, 1757)
(14679, 1042, -2938, -6576) (707, 573, 1498)
(14665, 863, -2913, -6643) (532, 254, 1499)
(14637, 664, -2863, -6749) (652, 352, 1856)
(14616, 431, -2769, -6852) (519, 275, 1528)
(14603, 269, -2692, -6918) (573, 240, 1893)
(14592, 192, -2629, -6969) (385, 342, 1853)
(14591, 153, -2579, -6989) (454, 146, 1894)
(14592, 199, -2560, -6994) (432, 327, 1803)
(14593, 267, -2548, -6994) (404, 455, 1770)
(14595, 304, -2531, -6995) (432, 502, 1821)
(14597, 298, -2509, -6999) (470, 353, 1818)
(14599, 298, -2499, -6998) (516, 290, 1823)
(14599, 317, -2501, -6996) (520, 344, 1831)
(14600, 343, -2506, -6991) (512, 322, 1805)
(14600, 374, -2518, -6986) (526, 303, 1816)
(14598, 407, -2529, -6982) (511, 326, 1801)
(14597, 428, -2535, -6982) (497, 351, 1804)
(14596, 437, -2537, -6984) (502, 339, 1803)
(14595, 433, -2529, -6987) (478, 301, 1843)
(14595, 433, -2528, -6987) (486, 332, 1888)
(14597, 438, -2529, -6984) (490, 339, 1855)
(14599, 442, -2528, -6980) (483, 313, 1827)
(14600, 451, -2530, -6976) (491, 352, 1832)
(14601, 459, -2528, -6974) (484, 379, 1813)
(14602, 456, -2520, -6975) (464, 360, 1844)
(14603, 450, -2515, -6976) (487, 336, 1842)
(14603, 455, -2514, -6975) (495, 348, 1820)
(14604, 461, -2511, -6974) (494, 373, 1807)
(14605, 465, -2506, -6974) (491, 369, 1805)
(14606, 464, -2498, -6974) (482, 353, 1810)
(14608, 463, -2491, -6972) (484, 356, 1798)
(14611, 464, -2485, -6969) (474, 364, 1805)
(14614, 467, -2480, -6964) (464, 376, 1806)
(14617, 468, -2477, -6958) (478, 354, 1802)
pose Pose.FIST
(14621, 467, -2475, -6952) (478, 352, 1797)
(14624, 471, -2474, -6945) (476, 358, 1789)
(14627, 471, -2472, -6939) (470, 347, 1795)
(14631, 474, -2472, -6931) (462, 345, 1795)
(14634, 480, -2472, -6924) (450, 344, 1797)
(14638, 480, -2470, -6916) (440, 324, 1832)
(14641, 486, -2475, -6907) (460, 325, 1809)
(14645, 492, -2478, -6898) (457, 328, 1809)
(14649, 495, -2480, -6888) (463, 331, 1825)
(14653, 496, -2478, -6880) (460, 316, 1848)
(14658, 497, -2474, -6872) (445, 304, 1853)
(14663, 502, -2471, -6862) (445, 316, 1856)
(14668, 505, -2463, -6853) (437, 312, 1863)
(14673, 508, -2453, -6845) (435, 320, 1869)
(14678, 509, -2444, -6839) (434, 309, 1837)
(14681, 509, -2437, -6834) (444, 331, 1850)
(14683, 506, -2431, -6833) (451, 327, 1849)
(14683, 506, -2431, -6833) (453, 325, 1844)
(14683, 506, -2430, -6833) (450, 319, 1838)
(14683, 506, -2430, -6833) (448, 339, 1841)
(14683, 506, -2430, -6833) (456, 346, 1829)
(14683, 501, -2429, -6833) (445, 332, 1817)
(14685, 496, -2425, -6831) (452, 296, 1862)
(14695, 500, -2417, -6812) (496, 58, 1771)
(14700, 562, -2435, -6789) (521, 112, 1623)
(14692, 681, -2471, -6783) (462, 767, 1679)
(14694, 723, -2456, -6779) (470, 767, 1791)
(14712, 641, -2419, -6761) (452, 187, 1889)
(14736, 705, -2432, -6699) (412, -126, 1830)
(14744, 943, -2527, -6615) (402, 756, 2106)
(14738, 1032, -2610, -6583) (275, 769, 2129)
(14730, 1050, -2663, -6577) (102, 265, 2159)
(14745, 1090, -2755, -6498) (610, -388, 1515)
(14713, 1284, -2942, -6453) (1169, 316, 1367)
(14670, 1511, -2982, -6484) (-62, 1548, 1710)
(14669, 1399, -2949, -6527) (334, 971, 1474)
(14678, 1158, -2871, -6589) (656, 351, 2004)
(14690, 1104, -2839, -6584) (532, -257, 1851)
(14689, 1272, -2900, -6529) (560, 711, 1682)
(14682, 1375, -2916, -6516) (416, 1074, 1535)
(14692, 1331, -2877, -6521) (503, 612, 1729)
pose Pose.WAVE_IN
(14701, 1271, -2840, -6529) (497, 474, 1905)
(14702, 1265, -2839, -6529) (570, 257, 1802)
(14699, 1314, -2873, -6510) (536, 487, 1712)
(14693, 1352, -2894, -6508) (484, 711, 1694)
(14691, 1327, -2891, -6517) (498, 520, 1757)
(14690, 1300, -2892, -6524) (515, 486, 1795)
(14687, 1284, -2898, -6533) (519, 568, 1810)
(14686, 1259, -2900, -6539) (513, 534, 1789)
(14687, 1230, -2904, -6541) (540, 442, 1741)
(14687, 1207, -2904, -6545) (506, 546, 1769)
(14689, 1170, -2901, -6548) (541, 485, 1755)
(14692, 1146, -2892, -6550) (487, 513, 1796)
(14695, 1133, -2893, -6544) (526, 509, 1728)
(14699, 1132, -2891, -6538) (494, 556, 1758)
(14702, 1122, -2887, -6534) (504, 521, 1757)
(14705, 1113, -2884, -6529) (502, 504, 1749)
(14707, 1107, -2882, -6528) (488, 527, 1732)
(14709, 1093, -2877, -6528) (500, 496, 1732)
(14710, 1082, -2870, -6529) (497, 510, 1736)
(14711, 1070, -2861, -6533) (504, 532, 1707)
(14713, 1051, -2842, -6539) (526, 620, 1758)
pose Pose.REST
(14716, 1034, -2797, -6556) (479, 619, 1840)
(14716, 1034, -2746, -6578) (335, 504, 1919)
(14711, 981, -2716, -6608) (464, 322, 1702)
(14703, 918, -2694, -6644) (524, 314, 1677)
(14702, 884, -2672, -6660) (519, 459, 1748)
(14704, 815, -2643, -6677) (486, 473, 1817)
(14698, 691, -2602, -6720) (506, 342, 1800)
(14694, 563, -2572, -6752) (684, 188, 1776)
(14692, 513, -2563, -6763) (668, 48, 1690)
(14686, 523, -2554, -6779) (426, 469, 1817)
(14684, 493, -2524, -6797) (403, 541, 1890)
(14689, 421, -2492, -6804) (525, 192, 1786)
pose Pose.FIST
(14699, 410, -2474, -6788) (532, 132, 1704)
(14712, 463, -2466, -6759) (482, 311, 1734)
(14731, 511, -2451, -6720) (529, 370, 1800)
(14753, 540, -2432, -6676) (577, 371, 1830)
(14780, 544, -2408, -6625) (637, 282, 1829)
(14810, 542, -2386, -6566) (727, 180, 1843)
(14842, 557, -2370, -6497) (741, 143, 1826)
(14874, 610, -2363, -6421) (730, 306, 1825)
(14909, 645, -2345, -6342) (674, 394, 1803)
(14950, 646, -2315, -6258) (708, 266, 1802)
(14988, 659, -2285, -6175) (721, 216, 1739)
(15023, 684, -2251, -6099) (698, 256, 1690)
(15056, 715, -2217, -6027) (622, 448, 1789)
(15088, 710, -2165, -5966) (566, 441, 1790)
(15119, 683, -2105, -5911) (472, 384, 1828)
(15147, 657, -2047, -5864) (409, 352, 1814)
(15170, 656, -1992, -5821) (341, 357, 1785)
(15192, 675, -1940, -5780) (198, 490, 1827)
(15216, 657, -1875, -5740) (209, 395, 1766)
(15238, 636, -1808, -5706) (208, 276, 1746)
(15254, 635, -1737, -5684) (175, 300, 1740)
(15266, 638, -1657, -5675) (43, 416, 1872)
(15278, 627, -1565, -5673) (-131, 451, 1923)
(15288, 577, -1468, -5675) (-108, 211, 1866)
(15297, 553, -1387, -5674) (-58, 97, 1847)
(15301, 587, -1323, -5676) (-63, 229, 1799)
(15303, 638, -1262, -5677) (-91, 319, 1926)
(15305, 689, -1202, -5679) (-140, 361, 1958)
(15308, 719, -1137, -5681) (-95, 198, 2019)
(15315, 766, -1071, -5668) (-63, 226, 1960)
(15323, 816, -1003, -5654) (-29, 186, 2023)
(15327, 867, -942, -5644) (-30, 283, 2087)
(15328, 907, -884, -5647) (-143, 421, 2217)
(15332, 931, -857, -5636) (-38, 441, 2140)
(15337, 930, -842, -5624) (46, 265, 2042)
(15337, 1000, -850, -5611) (138, 171, 1776)
(15333, 1098, -877, -5600) (118, 339, 1868)
(15331, 1174, -912, -5585) (188, 463, 1892)
(15333, 1184, -928, -5575) (186, 428, 1843)
(15337, 1156, -926, -5569) (153, 321, 1854)
(15342, 1128, -922, -5561) (144, 310, 1907)
(15349, 1115, -921, -5545) (124, 317, 1951)
(15355, 1109, -924, -5528) (127, 278, 1927)
(15361, 1111, -929, -5511) (107, 284, 1901)
(15365, 1113, -932, -5499) (88, 323, 1900)
(15369, 1103, -931, -5489) (88, 323, 1899)
(15374, 1093, -933, -5478) (111, 316, 1922)
(15378, 1088, -940, -5466) (149, 274, 1907)
(15382, 1098, -953, -5450) (174, 288, 1896)
(15386, 1112, -965, -5435) (157, 317, 1858)
(15391, 1112, -972, -5419) (136, 318, 1897)
(15396, 1106, -975, -5405) (123, 295, 1895)
(15402, 1105, -980, -5387) (130, 312, 1914)
(15408, 1104, -986, -5368) (138, 308, 1916)
(15414, 1108, -996, -5348) (167, 291, 1895)
(15420, 1122, -1008, -5327) (167, 321, 1875)
(15425, 1138, -1017, -5308) (147, 369, 1872)
(15429, 1144, -1023, -5294) (144, 362, 1880)
(15432, 1150, -1027, -5281) (139, 354, 1900)
(15436, 1151, -1032, -5269) (148, 364, 1904)
(15440, 1145, -1034, -5260) (147, 319, 1908)
pose Pose.REST
(15442, 1147, -1039, -5251) (156, 304, 1881)
(15444, 1153, -1043, -5242) (153, 323, 1870)
(15446, 1158, -1045, -5235) (131, 331, 1860)
(15448, 1158, -1050, -5229) (120, 331, 1908)
(15449, 1150, -1053, -5228) (141, 284, 1919)
(15448, 1160, -1058, -5228) (138, 349, 1886)
(15447, 1166, -1067, -5227) (184, 394, 1890)
(15447, 1170, -1077, -5224) (210, 342, 1877)
(15446, 1178, -1088, -5222) (203, 318, 1891)
(15444, 1194, -1096, -5222) (160, 343, 1902)
(15442, 1206, -1101, -5225) (143, 374, 1880)
(15441, 1211, -1108, -5226) (176, 379, 1871)
(15441, 1207, -1114, -5225) (215, 289, 1825)
(15440, 1230, -1117, -5222) (164, 300, 1892)
(15440, 1253, -1130, -5215) (173, 514, 1893)
(15444, 1214, -1122, -5212) (160, 200, 1808)
(15445, 1238, -1129, -5202) (155, 366, 1955)
(15447, 1247, -1132, -5194) (157, 437, 1849)
pose Pose.FIST
(15449, 1242, -1133, -5188) (192, 331, 1917)
(15449, 1267, -1132, -5183) (163, 398, 1789)
(15451, 1266, -1126, -5178) (157, 387, 1870)
(15453, 1257, -1125, -5175) (150, 369, 1946)
(15455, 1241, -1127, -5174) (177, 324, 1930)
(15455, 1243, -1136, -5172) (201, 328, 1910)
(15454, 1265, -1145, -5168) (187, 394, 1874)
(15452, 1293, -1151, -5162) (169, 409, 1811)
(15452, 1315, -1154, -5159) (140, 450, 1755)
(15452, 1310, -1149, -5161) (154, 424, 1963)
(15452, 1288, -1136, -5167) (139, 320, 1857)
(15450, 1286, -1130, -5176) (125, 301, 1962)
(15446, 1299, -1140, -5183) (186, 365, 1927)
(15440, 1324, -1158, -5191) (210, 350, 1902)
(15433, 1368, -1179, -5196) (188, 384, 1909)
(15426, 1415, -1197, -5200) (153, 374, 1911)
(15419, 1462, -1216, -5201) (157, 347, 1926)
(15411, 1529, -1234, -5201) (117, 291, 1936)
(15399, 1630, -1264, -5200) (97, 351, 1955)
(15382, 1757, -1316, -5197) (167, 435, 1923)

